Visualizing wkt online
Website link: https://arthur-e.github.io/Wicket/sandbox-gmaps3.html

Sample polygons 
List of longitude,latitude
From US counties dataset
POLYGON ((11.1545188 49.3454175, 11.155768 49.3449638, 11.1571256 49.3462948, 11.1575695 49.3467844, 11.1560343 49.3472106, 11.1558337 49.3469895, 11.1555696 49.3467264, 11.1545188 49.3454175))

POLYGON ((145.2836945 -37.7999419, 145.2835456 -37.8006857, 145.2835436 -37.8007424, 145.2835537 -37.8007949, 145.2835691 -37.8008341, 145.2835979 -37.8008871, 145.2836514 -37.8009444, 145.2837358 -37.8009783, 145.2837653 -37.8008193, 145.284055 -37.8008575, 145.2840363 -37.8009401, 145.2840577 -37.8010239, 145.284169 -37.8010175, 145.2842441 -37.8009794, 145.2843085 -37.8009285, 145.2843447 -37.8008808, 145.2843809 -37.8008183, 145.2845311 -37.800049, 145.2845367 -37.7999848, 145.28453 -37.7999286, 145.2845152 -37.7998836, 145.2844984 -37.799852, 145.2844676 -37.799812, 145.2844287 -37.7997691, 145.2843778 -37.799732, 145.2843114 -37.7996981, 145.2842336 -37.7996727, 145.2841605 -37.7996616, 145.2840774 -37.7996605, 145.2840063 -37.7996695, 145.2839386 -37.7996875, 145.2838769 -37.7997161, 145.2838286 -37.7997474, 145.283756 -37.7998148, 145.283724 -37.7998603, 145.2837045 -37.7999053, 145.2836945 -37.7999419))

MULTIPOLYGON(((-118.85162880133869 47.949563684819964,-118.8484604662869 48.478065749514016,-118.87025815556771 48.47916415056214,-118.87105562695078 48.647237590534914,-118.8397360443977 48.649038454357765,-118.84360280150915 48.99989845856322,-118.20035473766421 48.999908819371115,-118.21236338024141 48.98125812187784,-118.21494783196475 48.93683916269727,-118.20080854104964 48.91337887457483,-118.20966506323941 48.87492976109462,-118.14099228166035 48.78490718795969,-118.12454221976225 48.78226777215052,-118.12794367299149 48.74250262885251,-118.11502607673836 48.7065677726222,-118.1243038693768 48.69032430523336,-118.09006834105205 48.64347962190627,-118.12231951564627 48.615978307883736,-118.12697338333288 48.570223892370585,-118.14761195723138 48.5432797825962,-118.14597904210436 48.52805509344688,-118.19549639943395 48.481941106096016,-118.2126323986182 48.452257909540585,-118.17038988254637 48.29805681426771,-118.14553124798749 48.27335260755039,-118.14833058286641 48.240125600265344,-118.19040064329096 48.20611220766169,-118.19474021587033 48.14752437745949,-118.24627124801674 48.1175774465393,-118.23667154507726 48.07525618832754,-118.24981713090794 48.05624685146926,-118.28065664542757 48.04352419381652,-118.3657448838064 48.041337545312004,-118.3863068913346 48.02362144449417,-118.38103391357271 47.997871676848945,-118.35538910091138 47.966335242586794,-118.34426283653785 47.88537853176497,-118.36815833039557 47.83587034375037,-118.43288234906875 47.8389024859825,-118.45934369699964 47.877309275562496,-118.5070070395619 47.86943133167765,-118.52935462872132 47.873795096743436,-118.54383706959364 47.91600523529061,-118.5567849194058 47.92185308247811,-118.6255821860916 47.921981815516105,-118.68257673125697 47.93512672789427,-118.72940670223684 47.895399090720815,-118.82052928234513 47.923253552880176,-118.83182183768525 47.94106839219718,-118.85162880133869 47.949563684819964)))

GEOMETRYCOLLECTION (POLYGON ((-74.9666703 39.787185, -74.9667187 39.7874998, -74.9670448 39.7876776, -74.9671579 39.7879205, -74.9682398 39.7873146, -74.9688209 39.7867896, -74.9687917 39.7866035, -74.9681986 39.7867277, -74.9677281 39.7871592, -74.9669384 39.7870406, -74.965617 39.7865447, -74.964837 39.7864834, -74.9648054 39.786585, -74.9657114 39.7867445, -74.9666703 39.787185)), POLYGON ((-74.9690337 39.7880633, -74.969081 39.788192, -74.9693687 39.7881765, -74.9705518 39.7874486, -74.9708119 39.7874762, -74.9712268 39.7870949, -74.9716254 39.7870145, -74.9721895 39.7866829, -74.9715668 39.7865636, -74.9712771 39.7862999, -74.9709796 39.7862295, -74.9707347 39.7857006, -74.9703821 39.7856948, -74.9701994 39.7861324, -74.9696493 39.7857766, -74.9693517 39.7858978, -74.9693374 39.7863005, -74.9692741 39.7865657, -74.970082 39.7866127, -74.9711297 39.786458, -74.9714426 39.786709, -74.9705761 39.78694, -74.9699822 39.7869425, -74.9688719 39.7874625, -74.967705 39.7878395, -74.9686448 39.7881794, -74.9688201 39.7880428, -74.9690337 39.7880633)), POLYGON ((-74.9679311 39.7839088, -74.9684883 39.7839311, -74.9694685 39.7847017, -74.9696637 39.7845123, -74.9700684 39.7844418, -74.9703997 39.7841792, -74.9685754 39.7833097, -74.9684512 39.7834368, -74.9680278 39.7832231, -74.9678864 39.7833646, -74.9679311 39.7839088)), POLYGON ((-74.9658827 39.7860682, -74.967071 39.7863375, -74.9682059 39.7864194, -74.968145 39.7859863, -74.9677794 39.7858107, -74.9661036 39.7856585, -74.9655704 39.7856643, -74.9658827 39.7860682)))


